 1973  12.98   4.91
 1974   9.08   4.81
 1975   8.30   5.42
 1976   7.36   3.23
 1977  11.08   3.75
 1978   8.02   3.40
 1979   6.90   5.67
 1980   5.48   2.68
 1981   6.38   3.12
 1982   7.45   3.06
 1983   5.52   3.18
 1984   5.81   2.86
 1985  10.09   4.08
 1986   7.61   2.83
 1987   3.60   1.63
 1988   4.03   2.21
 1989   4.37   2.31
 1990   3.26   1.78
 1991   4.66   2.63
 1992   5.06   2.47
 1993   2.59   1.41
 1994   3.96   1.60
 1995   2.98   1.58
 1996   3.41   2.01
 1997   2.68   1.24
 1998   2.87   1.37
 1999   5.57   2.70
 2000   3.15   1.21
 2001   8.66   5.86
 2002   6.08   1.68
 2003   4.62   1.32
 2004     __     __
 2005   5.39   0.95
