  17.37   6.00
   4.05   3.00
   0.35  53.00
   0.85  52.00
   1.24   1.00
   0.75   8.00
   1.38  10.00
   1.16  98.00
   1.18   3.00
   1.86   1.00
   3.15   2.00
   9.32  13.00
   2.05   2.00
   0.40   6.00
   1.94   2.00
   0.43  68.00
   4.75   1.00
   4.76   3.00
   0.29  63.00
   0.83  14.00
   3.51   6.00
   2.60   1.00
   4.95   1.00
   1.41   5.00
   1.12  25.00
   4.47   3.00
   0.93   1.00
   0.70  22.00
   0.21  54.00
   2.27   4.00
   3.94   8.00
   1.87  12.00
   9.33  36.00
   0.93   9.00
   8.13   0.00
   2.12   4.00
   5.33  43.00
   4.43   7.00
   4.27   4.00
   0.71  45.00
   2.31   3.00
   3.45   3.00
   1.31  10.00
   0.15  88.00
   2.02   0.00
   2.63   1.00
   0.04  81.00
   1.22   3.00
   7.11  52.00
   1.48   1.00
   5.01   1.00
   1.55  62.00
   0.71   3.00
   2.44  21.00
   4.50  18.00
   1.66  74.00
   3.58   2.00
   1.71   5.00
   0.71  33.00
