 1973   9.17   2.91
 1974   4.64   2.46
 1975   5.14   3.80
 1976   3.62   2.08
 1977   6.09   2.33
 1978   5.18   2.18
 1979   4.25   3.05
 1980   3.35   1.78
 1981   4.07   1.96
 1982   4.34   1.77
 1983   3.31   1.84
 1984   3.32   1.66
 1985   8.23   2.74
 1986   5.85   2.00
 1987   2.16   0.88
 1988   2.68   1.41
 1989   3.01   1.48
 1990   1.85   0.99
 1991   3.01   1.66
 1992   3.41   1.58
 1993   1.25   0.63
 1994   2.47   0.94
 1995   1.90   1.09
 1996   2.25   0.63
 1997   1.80   0.77
 1998   1.99   0.91
 1999   3.50   1.56
 2000   2.30   0.79
 2001   6.78   4.70
 2002   5.15   1.18
 2003   3.48   0.74
 2004     __     __
 2005   3.58   0.76
