  13.41   6.00
   4.25   3.00
   0.54  53.00
   1.73  52.00
   2.40   1.00
   1.05   8.00
   3.13  10.00
   2.74  98.00
   1.42   3.00
   4.16   1.00
   4.48   2.00
   6.87  13.00
   3.14   2.00
   0.78   6.00
   2.89   2.00
   3.76  68.00
   5.79   1.00
   9.23   3.00
   1.08  63.00
   1.59  14.00
   6.96   6.00
   5.33   1.00
   7.42   1.00
   5.19   5.00
   2.03  25.00
  13.74   3.00
   1.33   1.00
   1.02  22.00
   0.71  54.00
   3.94   4.00
   9.25   8.00
   3.40  12.00
   3.35  36.00
   2.41   9.00
   7.26   0.00
   2.83   4.00
  18.47  43.00
   4.68   7.00
   4.45   4.00
   2.08  45.00
   1.93   3.00
   2.52   3.00
   5.94  10.00
   0.23  88.00
   2.22   0.00
   2.51   1.00
   0.05  81.00
   3.59   3.00
  10.20  52.00
   1.77   1.00
  10.92   1.00
   2.59  62.00
   0.38   3.00
   6.83  21.00
   3.21  18.00
   1.70  74.00
   3.12   2.00
   3.49   5.00
   0.54  33.00
